# Wavelength(AA) FluxDensity(erg/s/cm^2/AA) FluxDensityError(erg/s/cm^2/AA)
6.023180418754631319e+03 -2.246363553259983037e-22 1.311144632765189591e-21
6.066657812433072650e+03 -1.866861734748349242e-21 1.175684072952021981e-21
6.111022918638613191e+03 -9.047263816434062182e-22 1.177657361962429586e-21
6.156311473680200834e+03 1.726242142822525824e-21 1.026063447850748895e-21
6.202567438228316860e+03 -7.954417914125002024e-22 1.228105237845960132e-21
6.249840747687201656e+03 1.344046715153856957e-21 1.259831613598728350e-21
6.298131973221695262e+03 1.851140195001107149e-21 1.085409969570315314e-21
6.347476249258402277e+03 -2.215099304165347700e-22 1.033652312319244482e-21
6.397908495802205834e+03 2.950192177452380419e-21 1.181127704098813099e-21
6.449463390433417771e+03 1.189589308021759254e-21 1.181892226727997503e-21
6.502175340129669166e+03 -1.454024128355495463e-21 1.042208755481060873e-21
6.556101861673026178e+03 -1.019709455493296214e-21 1.075919936320361741e-21
6.611281563275560075e+03 -7.791903010124652579e-22 1.030781978117758958e-21
6.663893967594513924e+03 -5.315635358824155996e-22 9.430530890477277838e-22
6.721568995571846244e+03 -1.456419479706930926e-21 9.502591555338279310e-22
6.780578796918196531e+03 2.355712333276406522e-22 9.735461245324673920e-22
6.840955453881585527e+03 7.231718128354803724e-22 8.968595816565080158e-22
6.902780451762141638e+03 1.177724125984444933e-21 9.358400095353553865e-22
6.966236833385585669e+03 8.989003799601341707e-22 8.729561742165540551e-22
7.031174877736688359e+03 1.706206013098847138e-21 8.178098888663070644e-22
7.097624237501858261e+03 4.927001609726503865e-22 7.464562990691705808e-22
7.165895429877140486e+03 -4.421341063805395529e-22 7.411185179589211944e-22
7.235802358201660354e+03 3.416639573044768830e-22 7.199217081107014294e-22
7.307451493475844472e+03 1.470424659473988768e-21 7.165683760095500830e-22
7.381018065356173793e+03 1.279775616456424434e-21 6.873882274802380267e-22
7.456375688958851242e+03 5.695820098676390272e-22 6.835165812531692398e-22
7.533791668017736811e+03 9.426141602933313435e-22 6.620434457055034535e-22
7.613169912326125086e+03 7.480218490778798090e-22 6.395075438374466022e-22
7.694611317731159033e+03 1.688234098903928824e-21 6.654760659176386424e-22
7.778301468516752720e+03 1.228364297142511180e-21 6.310460361780192191e-22
7.864139844083621938e+03 1.078542450658766716e-21 6.342660948637518912e-22
7.952229693796529318e+03 1.527392244230110677e-21 6.252372624546637489e-22
8.042776703091341005e+03 7.398284913829967137e-22 6.211673763290041274e-22
8.135755017913637857e+03 4.092789563354816536e-22 6.119050942884923243e-22
8.231222878588952881e+03 2.729590321167955920e-22 6.309549797891521020e-22
8.329262851165633037e+03 1.193484062496113893e-21 6.317879037032897401e-22
8.429951366354120182e+03 3.250115515920792236e-22 6.065491964329702204e-22
8.533358505746477022e+03 1.170834578498319135e-21 5.630747293975754003e-22
8.639547816396598137e+03 2.692816243280761468e-21 5.897785222639733083e-22
8.748576154855380082e+03 1.806325986678551005e-21 5.522729586068805402e-22
8.860614189635069124e+03 1.592225080455565872e-21 5.555343538209031196e-22
8.975629430251954545e+03 1.512611547587678844e-21 5.362822662263456631e-22
9.093636324419681841e+03 9.707169800378509063e-22 5.258351318052203554e-22
9.214814829354119865e+03 1.802910041109208124e-21 5.125129935576742734e-22
9.339121437214727848e+03 2.080657898619517933e-21 5.088847608758906133e-22
9.466655153348996464e+03 1.942608882056730948e-21 5.148415522708380014e-22
9.597384828730455411e+03 1.776231794683561017e-21 5.059434779860059360e-22
9.731474511045125837e+03 2.961150251140821531e-21 5.001588522929876510e-22
9.868824785658218389e+03 1.136012492129592684e-21 4.732839664659259808e-22
1.000947713254331211e+04 1.734576172085490969e-21 4.698128003523519686e-22
1.015345436729873836e+04 1.542615459371817654e-21 4.600880390818975681e-22
1.030076123598427148e+04 1.468883176111407080e-21 4.462182715653258348e-22
1.045138515169357743e+04 2.256064566988245392e-21 4.334877894831856354e-22
1.060529705604389710e+04 2.082634079584698676e-21 4.326676106698658944e-22
1.076245238766736293e+04 1.963697755297665817e-21 4.404675817692281064e-22
1.092279213914481261e+04 1.960095583381363303e-21 4.034408001477354528e-22
1.108624398364999070e+04 1.829655168468609568e-21 3.936766132314658724e-22
1.125273651037073068e+04 2.112473204409957338e-21 3.854652027304010355e-22
1.142224379965897242e+04 2.386379844290430463e-21 3.760677873977790954e-22
1.159457992049234053e+04 1.787144492902204426e-21 3.596249701223171952e-22
1.176971204623073572e+04 1.841665496197494712e-21 3.501360462720021629e-22
1.194745681308191524e+04 1.751059992407405787e-21 3.530591468964539989e-22
1.212775823171623415e+04 1.505904470536684475e-21 3.504096502781311538e-22
1.231041846880947560e+04 1.797632995746582081e-21 3.404971078590906373e-22
1.249532489163954779e+04 1.554287989158393919e-21 3.269355278850483639e-22
1.268234362291846992e+04 1.408597280376471371e-21 3.394221016197199336e-22
1.287129802368406126e+04 1.371584696201070570e-21 3.327955353790582231e-22
1.306203923174949887e+04 2.104477394809990658e-21 3.329466729392800173e-22
1.325441448951781967e+04 2.368910863020112108e-21 3.242297729606290885e-22
1.344827254232686573e+04 1.493736196207785632e-21 3.300614138728366684e-22
1.364345805863619717e+04 1.521363288031721042e-21 3.266151928673629186e-22
1.383981019244451636e+04 1.486563708429271232e-21 3.183629478552334856e-22
1.403717842765533169e+04 1.903369547572877090e-21 3.216285295721606337e-22
1.423541552750592746e+04 1.302708564697758920e-21 3.297613033759686153e-22
1.443437846267456007e+04 1.359078902897451687e-21 3.105057424907641515e-22
1.463392916986339151e+04 1.474922102327946366e-21 3.197491350342684842e-22
1.483393515435428890e+04 8.409312235221168620e-22 3.259031163089250321e-22
1.503426995090476521e+04 6.734512561804548958e-22 3.157662124506433151e-22
1.523481345766726372e+04 8.321216960633221523e-22 3.153800558132110084e-22
1.543545215768634989e+04 1.225742495794284531e-21 3.158430876309508209e-22
1.563607924216034189e+04 1.264066190715780954e-21 3.274633776110471154e-22
1.583659464891357857e+04 1.409887049483167691e-21 3.160263869435355013e-22
1.603690502874709455e+04 1.665746870820223991e-21 3.156621139600706132e-22
1.623692365131767292e+04 1.472707903771270774e-21 3.204862891045444105e-22
1.643657026118985959e+04 1.461312788729851155e-21 3.218631011324189106e-22
1.663577089367025837e+04 1.520095463127783201e-21 3.229158194934626303e-22
1.683445765896106241e+04 1.095282410327815847e-21 3.169732553493826867e-22
1.703256850217039391e+04 1.389288065186948982e-21 3.238541629829774158e-22
1.723004694576759357e+04 1.445217203938069764e-21 3.169771221240565848e-22
1.742684182015527040e+04 6.967426366094993321e-22 3.041420999425854051e-22
1.762290698720519504e+04 5.963506030853452803e-22 2.997310909508180793e-22
1.781820106087313616e+04 1.070763289633816280e-21 3.264930603442651703e-22
1.801268712829085052e+04 2.443120995768200531e-22 3.332516493680554052e-22
1.820633247414929792e+04 7.780380052760498171e-22 2.883887115200513891e-22
1.839910673063433933e+04 1.041309498591512057e-21 2.751442984500451973e-22
1.859097760939524596e+04 9.136727146604232735e-22 2.741456010817327495e-22
1.878193029030298567e+04 7.502697626924323124e-22 2.671708371146116334e-22
1.897194617299616220e+04 6.046548135531727115e-22 2.714865959584807150e-22
1.916100960144110650e+04 7.483706105818392946e-22 2.726204491080473517e-22
1.934910579544811117e+04 7.004408757336514821e-22 2.714075175058360616e-22
1.953620953132460272e+04 7.021378647170132164e-22 2.789375487526519034e-22
1.972232718357373233e+04 7.360618773116352015e-22 2.742908396007910902e-22
1.990745275774099355e+04 7.878751141261607397e-22 2.512975401708894356e-22
2.009156888879973485e+04 5.769117952332997054e-22 2.611636032368233637e-22
2.027467401345475810e+04 2.137580195437368856e-23 2.424027208414037968e-22
2.045677790549513884e+04 5.384194715635600087e-22 2.621593678856988627e-22
2.063786182863241265e+04 1.663910409853354857e-22 2.596864378983906880e-22
2.081793562665847639e+04 5.575776010571546009e-22 2.567713361836348587e-22
2.099700706700617229e+04 7.729683179399669302e-22 2.618153578410211202e-22
2.117505649766070201e+04 8.694315195449294610e-22 2.552893817491463341e-22
2.135211706728149511e+04 1.032729123535490252e-21 2.546952258236601837e-22
2.152815909483948417e+04 1.300703192837703262e-21 2.561255503505842239e-22
2.170322136258795217e+04 9.654781437567649032e-22 2.568628282112007346e-22
2.187727655965113081e+04 1.413487735767212599e-21 2.530206218169060495e-22
2.205036479503824012e+04 1.133654493480515616e-21 2.498699367763182779e-22
2.222245408336707624e+04 1.609228347856152493e-21 2.434746299844719440e-22
2.239358689950846383e+04 1.494644241906901389e-21 2.428907666979226967e-22
2.256374672439009373e+04 1.280761320005199605e-21 2.406751917131936680e-22
2.273295143239048411e+04 1.358933735355476651e-21 2.336920950610428313e-22
2.290121752174530047e+04 1.638346417674655311e-21 2.435800435878810862e-22
2.306852483540087633e+04 1.273411204246255988e-21 2.336827928736114166e-22
2.323490960651494606e+04 1.567203774923101985e-21 2.300351267483860737e-22
2.340037898512346146e+04 1.660101870400287267e-21 2.336723390261678713e-22
2.356491601575180539e+04 1.653690672503073254e-21 2.214518288945012360e-22
2.372855390238781547e+04 1.397714413387121200e-21 2.248731351003625280e-22
2.389130067721527303e+04 1.263609717889739958e-21 2.317255889375686784e-22
2.405315985231554805e+04 7.924602722067146981e-22 2.132519791026812892e-22
2.421412987920645901e+04 1.292021881927569180e-21 1.856685133097724513e-22
2.437423460361627804e+04 1.230453337120661076e-21 2.172014659885230951e-22
2.453348238191829296e+04 9.849632316801121656e-22 2.264625550483417131e-22
2.469188166299485965e+04 1.030048063427406730e-21 2.212522780562092924e-22
2.484944097316999978e+04 6.040282615730366142e-22 2.035884521611515881e-22
2.500615939775039078e+04 1.042006219368765084e-21 2.046445068417614867e-22
2.516205461867549457e+04 7.336048622542608081e-22 2.172873393346702297e-22
2.531713716800681868e+04 9.994990832544418421e-22 2.131255255237615046e-22
2.547141573659790811e+04 7.224288991644135437e-22 1.939347233338632596e-22
2.562489903096700436e+04 3.728407663430548191e-22 1.964639315894020577e-22
2.577759576381887382e+04 5.141136824724772932e-22 1.854669246528273622e-22
2.592951464529112127e+04 5.401485110490851007e-22 1.806183163262976410e-22
2.608066437487031726e+04 6.137663458735537900e-22 2.111487352745046570e-22
2.623105363393556763e+04 6.735761819982176859e-22 1.834112082458395852e-22
2.638069107888948929e+04 7.317389401087266004e-22 1.967113518465279211e-22
2.652958533484608051e+04 9.177732382275871098e-22 2.011525414609948949e-22
2.667774498983602098e+04 4.987330530806014098e-22 2.036494881038472659e-22
2.682517858948445428e+04 4.983917085234282453e-22 2.206161140368558708e-22
2.697189463215501746e+04 7.925438470446877734e-22 2.217714878326372832e-22
2.711790156450695940e+04 3.272218867488183693e-22 1.946415493557458061e-22
2.726320777745496162e+04 3.595075339671487416e-22 1.966553939369435902e-22
2.740782160248981018e+04 4.827193211144796440e-22 1.710928526153246836e-22
2.755175130835038362e+04 6.689348766529939977e-22 1.877385872179159174e-22
2.769499585520020992e+04 1.210017494731312488e-21 1.947220110607290956e-22
2.783756967127519965e+04 7.756634243204029616e-22 2.233637634495409583e-22
2.797948273942488595e+04 3.447625083835068940e-22 2.001769660100231597e-22
2.812074307212175700e+04 8.623658743048306675e-22 1.779106358205318592e-22
2.826135860674675860e+04 8.359273516004775788e-22 1.903006479517176676e-22
2.840133720386274217e+04 6.582308639204335836e-22 1.998946380552458107e-22
2.854067045506992872e+04 6.342446838145819976e-22 1.939861481131023957e-22
2.867938015962273130e+04 3.007377804164600013e-22 1.841690368877435458e-22
2.881747512782812555e+04 5.941872991369826720e-22 2.038267809514527636e-22
2.895496292095982426e+04 8.203893039335145536e-22 1.981678801888096220e-22
2.909183683172270685e+04 7.966403804831010728e-22 1.806878841387799026e-22
2.922811058830955517e+04 7.127986308978493117e-22 1.721324316264873241e-22
2.936379852798944194e+04 8.696458960831212650e-22 1.856304661146564726e-22
2.949890510999810431e+04 8.949827929299068817e-22 1.926982111044653943e-22
2.963341834533249857e+04 3.652786454196810820e-22 1.954288417387482688e-22
2.976736648022299050e+04 1.117414162450186837e-21 2.008141939337067287e-22
2.990075652640400949e+04 7.823609601608886059e-22 2.111603340967899065e-22
3.003356831231198157e+04 1.039248386594806067e-21 1.998640860704911041e-22
3.016583490014496783e+04 8.769044763057044307e-22 2.007360625077187780e-22
3.029755832346554962e+04 8.809091809453418120e-22 1.829854956857529866e-22
3.042872543841498918e+04 7.369688310714484250e-22 1.834831774112272057e-22
3.055936692271952052e+04 8.015473430504982838e-22 2.068775993490591562e-22
3.068947176275567836e+04 6.643250994730003483e-22 2.022070390545379015e-22
3.081904964715453389e+04 1.092855036469380661e-21 1.814590766007259419e-22
3.094811665559928952e+04 7.568737224686083116e-22 2.058442348142435294e-22
3.107665370603877454e+04 3.975313671970427804e-22 1.877541599742470710e-22
3.120469582086660012e+04 5.921985421023857833e-22 1.887539619746235110e-22
3.133222056724011054e+04 5.237743904467846143e-22 1.628584973229347351e-22
3.145925581906115622e+04 1.256878459072550151e-21 2.079908080715692238e-22
3.158579086199263111e+04 6.061580000846023705e-22 1.979122326871167592e-22
3.171184080734780218e+04 4.271771684434495641e-22 2.055896209240640181e-22
3.183740438930379605e+04 8.814045254771051128e-22 1.824757841787348560e-22
3.196249011903891733e+04 1.251621953914993576e-21 1.708792643323575365e-22
3.208710012206967804e+04 1.089987669205403229e-21 2.106634610606138194e-22
3.221124226607787568e+04 8.664988819051065229e-22 1.832542627441250507e-22
3.233491621467697041e+04 5.931189976332789389e-22 1.771632033495715841e-22
3.245813494734690903e+04 6.815145181227490902e-22 1.878690609283303376e-22
3.258089001187752365e+04 1.189750063593378155e-21 1.882836999982802125e-22
3.270320505814168791e+04 1.143624705406504635e-21 2.302112529397367669e-22
3.282505805876440718e+04 9.969580925965248110e-22 1.968084693803075256e-22
3.294648233569291915e+04 6.570441173327916503e-22 2.217287322212415851e-22
3.306745611166972230e+04 5.714565979560556092e-22 2.046545585335859376e-22
3.318800218432646216e+04 7.645849533208815760e-22 2.250286566420272002e-22
3.330811914986171905e+04 5.612181989949244392e-22 1.997403277570040919e-22
3.342780300364271534e+04 8.408249846278457656e-22 1.638243480873441223e-22
3.354707595833161758e+04 6.402277259214317260e-22 2.114834519220435500e-22
3.366591867414651642e+04 3.012604107037168663e-22 2.012797884313289773e-22
3.378435209052912251e+04 -9.872834641188564075e-23 1.979504529740182129e-22
3.390238232986708317e+04 8.733042691245957901e-22 1.683327803352270212e-22
3.401999138812669116e+04 1.730755988567870247e-22 1.781513651271597293e-22
3.413720651396607718e+04 7.927876047081883798e-22 1.827003081631180469e-22
3.425402593141386023e+04 5.341366782671875399e-22 1.934561196327705163e-22
3.437043824464781937e+04 3.960915488162934709e-22 1.633932637975860162e-22
3.448646627608235576e+04 1.533209704216770994e-22 2.333448038474411774e-22
3.460211099556853151e+04 4.694615343159607393e-22 1.865666500385671233e-22
3.471735711239948432e+04 5.469746531517183684e-22 1.947220809092348500e-22
3.483222831808280898e+04 5.266495577481713569e-22 1.863547199961880437e-22
3.494672746783971525e+04 5.759908355131898577e-22 1.973441151599140985e-22
3.506084285611262749e+04 1.920619373514878362e-22 1.853881843612418116e-22
3.517458660113551741e+04 3.342192896247924906e-22 2.005592877829801550e-22
3.528796730649197707e+04 7.425310955652223770e-22 2.284942785234800625e-22
3.540098741847679776e+04 5.890804529681793055e-22 2.184900047358803858e-22
3.551363218873125879e+04 4.179945857468760296e-22 2.039450376947985202e-22
3.562592267204885138e+04 4.515317712905737594e-22 2.174880965193092332e-22
3.573786153916041076e+04 1.518284439295821110e-22 1.607371844089339392e-22
3.584945143735453166e+04 7.768563307285147196e-22 1.569458808429123643e-22
3.596068096621887526e+04 6.215301129045604580e-22 1.796977131599719515e-22
3.607156540632912947e+04 3.168202563245466794e-22 2.031803384784457602e-22
3.618210922155718436e+04 2.801165149428776898e-22 1.954424183416289975e-22
3.629231496067067201e+04 4.957263874231744306e-22 2.117730138418371466e-22
3.640218320317371399e+04 2.705211011750289545e-22 1.792438225057543814e-22
3.651170699663744745e+04 4.032996383478753487e-22 2.016719092245257452e-22
3.662090074033606652e+04 3.082093707657939456e-23 1.953580052405138938e-22
3.672976688814668159e+04 8.013959161592790746e-22 2.214116172888282003e-22
3.683830787235534081e+04 5.364416669776885573e-22 2.214999264498227160e-22
3.694652610384332365e+04 1.956551997055517858e-22 1.935421187801749166e-22
3.705441896717189957e+04 2.332882844497917643e-22 2.415358568887125320e-22
3.716198837061489030e+04 1.145363276044238133e-21 2.399777919786204995e-22
3.726924260343521019e+04 7.037358585458536624e-22 2.068478218364550950e-22
3.737618398685997090e+04 7.591786543919792086e-23 2.226698554661619270e-22
3.748281482171179232e+04 2.618931228238097941e-22 2.205564823968588839e-22
3.758913738859465957e+04 5.268469827254471989e-22 2.012741475862632029e-22
3.769515394807537086e+04 5.645568747179867536e-22 1.962440165921249087e-22
3.780086668857267068e+04 6.161078437084545635e-22 2.225581419611069200e-22
3.790627056171666482e+04 7.005590245831084657e-22 2.185894865687215250e-22
3.801137552616350877e+04 5.588150429668034134e-22 2.326500628896748430e-22
3.811618375872215984e+04 8.284840059301974777e-22 2.244418192357036093e-22
3.822069741712742689e+04 8.044799052035115338e-22 2.405738809439660818e-22
3.832491864022740629e+04 2.355799916581105600e-22 2.904306473447019993e-22
3.842884954814857338e+04 2.021260971550848293e-22 2.538077468259809491e-22
3.853249224247932580e+04 5.021832547916373573e-22 2.060126540057321659e-22
3.863584880644019722e+04 1.556273341405986075e-21 2.308694007415486256e-22
3.873892130505709792e+04 4.571846779205894354e-22 2.291460366512269786e-22
3.884171178533337661e+04 8.016515396361682722e-22 2.509600087834139813e-22
3.894422227642173675e+04 1.019106454066295766e-21 2.258061257752278515e-22
3.904645478979143809e+04 7.802899166746672823e-22 1.979681221239124857e-22
3.914841131939857587e+04 6.346133095768229664e-22 2.667624205847196980e-22
3.925009384185311501e+04 3.263196813929509530e-22 2.127093107406586394e-22
3.935150346511874523e+04 6.779229361824809835e-22 2.258339959291463572e-22
3.945264232914101012e+04 8.421027385890745506e-22 2.475022649476124908e-22
3.955351337341956241e+04 1.160694639654068228e-21 2.721437360629473402e-22
3.965411850230279379e+04 8.947449729496306001e-22 2.300878894305855997e-22
3.975445960366551299e+04 8.532465359869220558e-22 2.104091648106160725e-22
3.985453854906448396e+04 7.304279558199645076e-22 2.168802166819592247e-22
3.995435719389846781e+04 9.008484248304750174e-22 2.359699404589680254e-22
4.005391737756650400e+04 9.144650649644469798e-22 2.773232424955737353e-22
4.015322092361999239e+04 5.775786486391561260e-22 2.475681220494659017e-22
4.025226963991795492e+04 7.656148428810221773e-22 2.346661042190672865e-22
4.035106531877992529e+04 1.037379513372241384e-21 2.780394172686433663e-22
4.044960807534728519e+04 1.530127913579257382e-22 2.516089882737491162e-22
4.054790077992050647e+04 5.740870562698030274e-22 2.444033499617071853e-22
4.064594541907496750e+04 6.882077364308930680e-22 2.682130401659660463e-22
4.074374372842088633e+04 6.059896608288308330e-22 2.779907767454302501e-22
4.084129742872335919e+04 9.914618963685620917e-22 2.875898304274318566e-22
4.093860822604827263e+04 4.397006209261371886e-22 2.092107184269394977e-22
4.103567781190765527e+04 3.586655341230784616e-22 2.429086931705630651e-22
4.113250786339923798e+04 9.862866147909495623e-22 2.357483554231132382e-22
4.122910004335270787e+04 7.196147421334354807e-22 2.543101637225763165e-22
4.132545600046640175e+04 9.459331673193668647e-22 2.631237514716533287e-22
4.142157736944703356e+04 1.055923936128046673e-21 2.926182136426082095e-22
4.151746577114775573e+04 7.583607703349488919e-22 2.634796873261356764e-22
4.161312281270394305e+04 6.435045658271323702e-22 2.610131378543479443e-22
4.170855008766976971e+04 1.292764248089085779e-21 2.405897821248128965e-22
4.180374917614969308e+04 6.864484694575362900e-22 2.987350710659781138e-22
4.189871885965652473e+04 7.137420805560824889e-22 2.341863250799100580e-22
4.199345961625827476e+04 9.091812692166184331e-22 2.265515854299312208e-22
4.208797658839802170e+04 1.416359527293038374e-21 2.387118890555402324e-22
4.218227130698340625e+04 8.706219529519792877e-22 2.813195659561610289e-22
4.227634529008225218e+04 1.093871053045984972e-21 2.689063418177446161e-22
4.237020004304956819e+04 6.831590616877361651e-22 3.031787793287721316e-22
4.246383705865268712e+04 1.211253555313597731e-21 2.526097077649089694e-22
4.255725781719741644e+04 1.032855537627736349e-21 2.694243456345262778e-22
4.265046319732148550e+04 2.225466413406746739e-22 2.778553814156788717e-22
4.274344707855263550e+04 1.590225326238749132e-21 3.197815876310708503e-22
4.283621883631926175e+04 9.093892216572116097e-22 2.822448572059564406e-22
4.292877990527077782e+04 3.151220649187115671e-22 2.792314191862815655e-22
4.302113170815960621e+04 3.168504057544866670e-22 2.886688650391955338e-22
4.311327565595904889e+04 9.022008681829861460e-22 2.919502792966859246e-22
4.320521314798037201e+04 8.051513531145423798e-22 3.431231612443077791e-22
4.329694061855100881e+04 9.508180612014068448e-22 2.923353200531809854e-22
4.338845889318194531e+04 8.137730400886789733e-22 2.874120066888954809e-22
4.347977462748551625e+04 1.552755855613542925e-22 3.013334638585726737e-22
4.357088917799133196e+04 4.003465080626077874e-22 2.912109570273770716e-22
4.366180389009683131e+04 9.857365074766562292e-22 2.961878600436434701e-22
4.375252009817617363e+04 1.634803175056672681e-21 3.252720448927773553e-22
4.384302941564122011e+04 1.060181484890818880e-21 3.622048841512223132e-22
4.393334074805590353e+04 -3.162310621175394894e-22 3.218538083336071323e-22
4.402345731683544727e+04 5.348576444920695265e-22 3.475674110096669381e-22
4.411338041587348562e+04 1.232795335292796871e-21 2.448331837498145289e-22
4.420311132854319294e+04 1.739020642535381670e-21 3.439869915677715622e-22
4.429264120757993805e+04 1.225044972276638295e-21 3.673991799165937966e-22
4.438197863751905970e+04 8.369043282050392406e-22 3.360252608747636266e-22
4.447112748392204958e+04 5.302148473486888156e-22 3.324019542436099760e-22
4.456008899148232013e+04 8.740821161478799375e-22 2.493915398083606675e-22
4.464886183809956856e+04 1.089972602039449375e-21 3.237545719514218082e-22
4.473743858874308353e+04 1.304431708082549335e-21 3.147143296892962499e-22
4.482583149908471387e+04 5.599475177605579285e-22 2.791262669370642751e-22
4.491404177649700432e+04 1.246741566542963914e-21 3.525351085834213660e-22
4.500207061866918229e+04 2.447646764790176254e-22 3.552074886688451002e-22
4.508990592685640149e+04 1.281374317744081939e-21 3.349016715441539900e-22
4.517756069617868343e+04 1.548941402010566899e-21 3.055896043935685909e-22
4.526503740174972336e+04 1.090585490334412787e-21 3.491921130892318291e-22
4.535233720559444191e+04 2.530597873177720303e-22 3.276755033743011926e-22
4.543944749406266055e+04 8.971157880337803359e-22 4.045519897511228195e-22
4.552638141353482933e+04 9.802393530448142364e-22 4.252265839312629770e-22
4.561314170640322118e+04 6.362838969330447104e-22 3.609393314754213231e-22
4.569972798824522761e+04 4.677184288209757094e-22 3.545459868413595421e-22
4.578612828223673569e+04 8.024021024926538117e-22 3.481034657675505204e-22
4.587235815619202913e+04 1.312765763369936069e-21 3.709834438073730018e-22
4.595841871319307393e+04 7.003077910221474450e-22 3.873174666643225097e-22
4.604430313099319028e+04 1.174894237802167727e-21 3.613966070141216193e-22
4.613001149450686353e+04 1.411333731738524663e-21 3.473510392451802678e-22
4.621555365687113226e+04 9.332718501275720657e-22 3.944855548390391269e-22
4.630093058984968229e+04 6.804748633501808346e-22 3.997835820550711059e-22
4.638612617223439884e+04 1.151415291262674701e-21 3.776037321584574827e-22
4.647115860467351740e+04 1.318604306762783611e-21 4.014050461481617345e-22
4.655602893480692728e+04 7.109894411727291578e-22 3.970205921207249685e-22
4.664072616316627682e+04 3.399143976346947492e-22 3.920077514151142341e-22
4.672525735714931943e+04 1.223410479234327438e-21 4.121174500317176377e-22
4.680962941452751693e+04 1.602066059688183456e-21 4.110218273227735988e-22
4.689383497527190775e+04 2.162580930803086401e-22 3.796246051859382552e-22
4.697787325319168303e+04 1.322502590453448864e-21 3.777332917631725256e-22
4.706175529931918572e+04 7.186741260730903775e-22 4.380075568944865558e-22
4.714547566168547928e+04 8.178739859974152526e-22 4.848270607278455788e-22
4.722902918092268374e+04 6.977332496324715139e-22 3.975540776823693020e-22
4.731242931378664798e+04 1.079277610760920381e-21 4.449386491569476513e-22
4.739567083141521289e+04 1.208950062739222857e-21 4.399319885735809372e-22
4.747874758829467464e+04 1.929550523125072623e-22 4.459953611061374289e-22
4.756167374628281686e+04 1.132310403566893045e-21 3.899463689271471392e-22
4.763910219614846574e+04 8.647183012350609797e-22 4.210573637972097513e-22
4.772172281440845109e+04 1.431230546073446886e-21 4.877479187427853877e-22
4.780419426956678944e+04 1.019213957869749641e-21 4.563015610803364564e-22
4.788650455395799509e+04 7.328674928452450493e-22 4.749777389339848981e-22
4.796866381125331827e+04 1.188713296325939039e-21 4.201128045208398702e-22
4.805067458733673266e+04 1.401784088663931893e-21 4.417139729446030373e-22
4.813252635184843530e+04 1.153744849692424176e-21 4.607942867688264797e-22
4.821423178585137794e+04 2.312222430928083024e-22 4.807565228107929477e-22
4.829578859554180963e+04 7.076896088025001068e-22 4.826496436650577267e-22
4.837718852850157418e+04 4.478190694436080954e-22 4.490015307173940251e-22
4.845844753062967357e+04 1.246920595594539056e-21 4.966596429937376641e-22
4.853955341562438116e+04 1.394286393044698460e-21 4.784162232900926357e-22
4.862051162798774749e+04 1.121654513338906595e-21 4.691490960560456205e-22
4.870132864702131337e+04 -5.099976192769280208e-23 4.780914644160198574e-22
4.878199215749484574e+04 1.830374991515419532e-21 4.571219493286795777e-22
4.886251580894075596e+04 1.166568210488038280e-21 5.014880684439638250e-22
4.894289432339820632e+04 1.075711430988925473e-21 4.864805614023916458e-22
4.902312474061678950e+04 2.780943444959822034e-22 4.657122909470832772e-22
4.910321915818118578e+04 9.526582093211506955e-22 4.637289625591026064e-22
4.918316335334591713e+04 1.034602248874781653e-21 4.925483102827997262e-22
4.926297071342670097e+04 1.734042254581808375e-21 5.643354651035252878e-22
4.934263670133497362e+04 1.991623890033680637e-21 4.957517249265213355e-22
4.942215815432340605e+04 6.019745453229126989e-22 5.161607989955297856e-22
4.950154666216418991e+04 2.206268257689842502e-23 4.819223923899883441e-22
4.958078814092525135e+04 1.529316034042942588e-21 4.900398680636882984e-22
4.965989768720458960e+04 9.908874676247449922e-22 4.993809852996151635e-22
4.973886558277030417e+04 -1.737324735981667023e-22 4.555046718568714413e-22
4.981769632915911643e+04 1.084972502831447934e-21 4.518985551978660185e-22
4.989639513276547950e+04 8.109636885510975516e-23 5.322158624755092874e-22
4.997495001104559924e+04 1.458041106316479132e-23 5.415398978169493702e-22
5.005337812934118847e+04 7.207871316733441499e-22 4.528481517652552320e-22
5.013166350289162801e+04 1.315946701715753095e-21 5.159412486747283143e-22
5.020982124840972392e+04 1.968889170943068452e-21 5.131191548809182135e-22
5.028784152220759279e+04 1.065810771896941734e-21 4.989722039449783571e-22
5.036573001276576542e+04 1.035665384760591655e-21 5.137422733286140728e-22
5.044348873470386025e+04 -4.337270474027633845e-22 5.595041875156836110e-22
5.052111058960128139e+04 9.282391695041030881e-22 5.769043381165171200e-22
5.059860838867025450e+04 2.029681506822952723e-21 5.506877782079959668e-22
5.067596756371794618e+04 1.874157302024235643e-21 5.775407752834772926e-22
5.075320526692196290e+04 6.285471361702476413e-22 5.332351317341878630e-22
5.083030546993783355e+04 1.198295458124510366e-21 5.611729363865153395e-22
5.090728465071240498e+04 1.728401584251322635e-21 5.506223074833546978e-22
5.098412879378130310e+04 1.566342512413556374e-21 5.802227142919407379e-22
5.106085039158199652e+04 7.012662004457302700e-22 5.886946726212469345e-22
5.113744197213561711e+04 4.935988968562509594e-22 5.721010496953039122e-22
5.121390847312577534e+04 1.554427875606172165e-21 5.752778357312242325e-22
5.129024939391413500e+04 1.575410016950450943e-21 5.987017456178857012e-22
5.136646325630900537e+04 6.765298295665687310e-22 5.826325395568333983e-22
5.144255540070262214e+04 6.899406764734940086e-22 5.834433101732081598e-22
5.151851905515928956e+04 2.040155802709648639e-21 5.672323533833426915e-22
5.159436428740117844e+04 7.687353558464083636e-22 6.129564838492218007e-22
5.167008013740009483e+04 1.647385939083596699e-21 6.330525521676113047e-22
5.174568030285011628e+04 1.287415783485844666e-21 6.415524668199773625e-22
5.182115072507158038e+04 1.076981883272187684e-21 5.665151008094956691e-22
5.189650754098835023e+04 3.050128744904110136e-22 5.990659714878713189e-22
5.197173499514570722e+04 1.777716739149537634e-21 5.825723926935351913e-22
5.204685020518777310e+04 6.946117183974316887e-22 6.306343723986834336e-22
5.212183708013042633e+04 1.305094496085007685e-21 6.507684753597044645e-22
5.219671273391847353e+04 5.552780785779373931e-22 6.051292198766754609e-22
5.227146106866480113e+04 6.366250297918033498e-22 6.173707980187752600e-22
5.234609905134124710e+04 1.758257782239936241e-21 6.038853889731168901e-22
5.242061100610454741e+04 9.687784934269225071e-22 6.096504326444268679e-22
5.249501287394098472e+04 9.918954350195769303e-22 5.852942264801237287e-22
5.256929089510035556e+04 -4.863348558722761117e-22 5.761515254887904106e-22
5.264345838514467323e+04 -3.388133147897460501e-22 5.562035657692773147e-22
5.271750469616553164e+04 1.181559715328597390e-21 6.369671218600370891e-22
5.279143952821222774e+04 1.183812364396866795e-21 6.281953546276750625e-22
5.286525632823743945e+04 1.057636154757331976e-21 6.080290120463713242e-22
